240
187
31
107
193
231
30
76
17
152
102
170
200
17
159
26
242
147
46
120
25
107
204
193
175
217
16
175
195
47
212
75
240
250
116
226
137
191
89
160
35
241
208
65
215
120
25
13
24
220
165
22
0
113
217
25
189
0
190
255
21
162
213
58
49
150
228
237
211
106
11
238
163
98
16
9
10
16
85
137
139
100
109
255
244
214
1
148
69
190
148
148
123
131
244
53
174
148
239
9
65
15
8
3
231
136
75
237
199
179
245
33
122
73
78
0
148
240
48
153
203
31
181
103
145
230
97
211
232
239
65
126
166
163
9
131
197
102
60
60
66
43
15
37
130
228
78
135
166
242
127
225
175
189
125
203
85
236
255
90
227
184
26
206
76
81
124
90
142
179
44
45
124
0
244
60
156
211
111
241
110
172
129
131
160
119
238
213
125
28
35
68
84
250
225
199
197
100
46
33
105
100
186
157
25
187
205
180
79
151
50
42
119
205
194
125
214
36
180
228
186
50
223
19
173
207
75
227
33
202
150
0
55
130
225
124
165
148
175
215
59
106
82
108
235
174
3
142
241
4
27
180
224
194
63
155
183
7
214
22
23
66
245
47
181
53
245
172
214
44
149
115
228
229
62
30
102
163
48
255
225
226
98
242
149
0
152
142
107
0
216
175
35
105
228
192
21
169
255
27
103
40
190
105
145
121
177
179
150
93
132
34
239
171
92
236
214
178
19
226
80
184
135
235
235
108
77
70
100
202
167
31
170
226
14
155
198
49
147
225
19
100
78
77
145
164
72
0
166
40
218
206
23
148
52
222
169
40
89
37
108
233
195
94
209
244
48
87
40
167
211
18
217
252
67
94
145
140
77
42
8
52
142
214
193
143
33
237
206
81
204
64
202
68
77
101
138
234
1
178
4
209
93
229
197
0
87
23
20
102
236
199
214
118
227
83
93
90
222
200
80
173
143
89
105
99
69
159
43
210
111
128
137
97
180
150
202
105
204
188
71
151
207
187
27
153
56
211
105
46
1
67
209
254
75
41
3
10
51
94
77
249
201
0
